0 0.656695 0.545315 0.026309 0.082913
0 0.697355 0.544252 0.021526 0.093543
0 0.731437 0.540000 0.020330 0.102047
0 0.773292 0.549213 0.029897 0.151654
0 0.828900 0.562323 0.031093 0.121181
0 0.800199 0.532559 0.016742 0.108425
0 0.813354 0.546378 0.016742 0.106299
7 0.120665 0.478701 0.138157 0.183543
2 0.147854 0.531496 0.180576 0.187087
9 0.461171 0.274252 0.015546 0.042520
9 0.650118 0.336969 0.017938 0.036142
9 0.217812 0.263622 0.019134 0.038268
9 0.290760 0.453685 0.007175 0.017008
9 0.451006 0.463252 0.007175 0.019134
2 0.247744 0.508465 0.027505 0.053150
2 0.272857 0.506339 0.022721 0.048898
2 0.291991 0.505276 0.017938 0.046772
2 0.310527 0.498898 0.021526 0.034016
2 0.327867 0.499961 0.013155 0.036142
2 0.341619 0.497835 0.011959 0.031890
2 0.365537 0.504213 0.038268 0.044646
2 0.394835 0.499961 0.017938 0.031890
2 0.413371 0.496772 0.014350 0.017008
2 0.430711 0.499961 0.015546 0.023386
2 0.445062 0.497835 0.013155 0.019134
0 0.553288 0.528662 0.016742 0.068032
0 0.543123 0.519803 0.013155 0.048898
0 0.573617 0.523347 0.016742 0.057402
0 0.590641 0.522638 0.014913 0.064488
9 0.384072 0.459567 0.005979 0.019134
0 0.601087 0.525118 0.010763 0.055276
