9 0.130137 0.150770 0.028269 0.093582
9 0.527566 0.422850 0.011698 0.034660
9 0.616468 0.354397 0.018716 0.067587
9 0.599799 0.358729 0.010723 0.048524
9 0.548134 0.266881 0.012673 0.051990
9 0.341670 0.338800 0.012673 0.039859
9 0.444512 0.347465 0.011698 0.046791
0 0.310964 0.513832 0.005849 0.022529
2 0.811700 0.496502 0.099430 0.088383
2 0.899920 0.491303 0.135498 0.102247
2 0.399281 0.500141 0.010528 0.018716
2 0.414878 0.500315 0.006629 0.015597
2 0.449581 0.502266 0.013647 0.019499
2 0.468883 0.503723 0.019496 0.027728
2 0.483505 0.504589 0.027295 0.036393
9 0.638304 0.404827 0.011698 0.038126
9 0.659263 0.404827 0.008773 0.041592
9 0.047134 0.437586 0.007856 0.037241
