0 0.163658 0.468047 0.021094 0.119531
0 0.119493 0.461015 0.025049 0.119531
0 0.099717 0.455156 0.017139 0.112500
0 0.283628 0.445781 0.013184 0.037500
0 0.306700 0.449297 0.009229 0.044531
0 0.321861 0.444609 0.015820 0.053906
0 0.901938 0.523125 0.047461 0.196875
2 0.489951 0.485625 0.017139 0.065625
2 0.474790 0.477422 0.026367 0.105469
2 0.440513 0.478593 0.068555 0.140625
2 0.396348 0.489140 0.112060 0.175781
2 0.602012 0.451640 0.067236 0.063281
2 0.845908 0.504375 0.167432 0.239062
5 0.721323 0.461015 0.071191 0.100781
5 0.534116 0.453984 0.089648 0.058594
2 0.540049 0.470390 0.038232 0.058594
2 0.633653 0.555937 0.167432 0.229687
2 0.954673 0.537187 0.089648 0.173437
