9 0.550725 0.292258 0.016381 0.035362
9 0.761923 0.274576 0.012871 0.041602
9 0.578222 0.427466 0.005850 0.018721
9 0.599868 0.430586 0.007020 0.020801
9 0.816331 0.405624 0.014041 0.020801
2 0.564766 0.463868 0.014041 0.020801
2 0.550725 0.459708 0.011701 0.020801
2 0.539025 0.462828 0.016381 0.018721
2 0.521473 0.460748 0.014041 0.022881
2 0.467065 0.466988 0.024571 0.018721
2 0.443079 0.464908 0.025742 0.027042
2 0.410902 0.466988 0.015211 0.027042
2 0.388670 0.466988 0.031592 0.047843
2 0.348888 0.472188 0.036272 0.054083
2 0.312616 0.472188 0.036272 0.037442
2 0.279269 0.474268 0.025742 0.033282
2 0.259963 0.481549 0.031592 0.027042
2 0.147636 0.472188 0.052653 0.045763
2 0.595188 0.457627 0.014041 0.016641
2 0.606304 0.452427 0.012871 0.010401
2 0.579977 0.457627 0.009361 0.016641
2 0.584072 0.458668 0.010531 0.014561
2 0.622685 0.463868 0.010531 0.012481
2 0.660127 0.470108 0.010531 0.029122
2 0.674753 0.459708 0.016381 0.012481
2 0.674168 0.474268 0.017551 0.020801
2 0.688793 0.465948 0.011701 0.024961
2 0.699909 0.471148 0.024571 0.035362
2 0.636140 0.455547 0.014041 0.012481
2 0.602793 0.468028 0.015211 0.020801
2 0.632045 0.466988 0.017551 0.022881
2 0.725066 0.478429 0.042123 0.045763
2 0.939189 0.496110 0.119347 0.143529
2 0.043104 0.481549 0.086207 0.068644
0 0.789420 0.479469 0.007020 0.043683
0 0.781229 0.478429 0.004680 0.037442
0 0.847923 0.471148 0.016381 0.068644
0 0.895311 0.452427 0.015211 0.052003
