9 0.284029 0.303478 0.016075 0.029940
9 0.586755 0.308340 0.008420 0.019052
9 0.337202 0.314464 0.014544 0.020413
9 0.711914 0.268874 0.019903 0.038105
9 0.497957 0.236894 0.008420 0.034022
9 0.396529 0.213759 0.007655 0.036744
9 0.405604 0.210975 0.013558 0.036621
9 0.487240 0.234172 0.006889 0.023135
2 0.689332 0.355291 0.069660 0.050353
2 0.230032 0.379106 0.051288 0.054435
2 0.267542 0.370941 0.052819 0.051714
2 0.551670 0.361542 0.013779 0.016331
2 0.531384 0.358140 0.034447 0.017692
2 0.509184 0.361542 0.011482 0.013609
2 0.491484 0.360536 0.023203 0.030000
9 0.514687 0.309911 0.010547 0.018750
