9 0.337284 0.292009 0.019496 0.071053
9 0.319737 0.290276 0.011698 0.077985
9 0.456210 0.347465 0.013647 0.050257
9 0.715509 0.408120 0.023395 0.050257
9 0.736955 0.407253 0.019496 0.048524
9 0.442563 0.485238 0.009748 0.024262
2 0.857831 0.565822 0.089682 0.102247
2 0.793006 0.552824 0.094556 0.107445
2 0.464009 0.538960 0.015597 0.024262
2 0.485942 0.546759 0.034118 0.039859
2 0.518598 0.566688 0.048740 0.062388
2 0.443538 0.538960 0.013647 0.024262
7 0.373839 0.536361 0.071161 0.123042
2 0.303165 0.571021 0.060438 0.077985
9 0.441846 0.347781 0.013075 0.055430
0 0.631941 0.531954 0.015087 0.084040
