9 0.468199 0.278203 0.007910 0.035156
9 0.600034 0.267656 0.007910 0.037500
9 0.331748 0.359062 0.006592 0.023437
9 0.344273 0.360234 0.007910 0.021094
9 0.644859 0.350859 0.013184 0.021094
9 0.861069 0.315703 0.013184 0.025781
9 0.842612 0.313359 0.007910 0.025781
0 0.837998 0.396562 0.014502 0.051562
0 0.782627 0.407109 0.017139 0.049219
0 0.766807 0.402422 0.017139 0.067969
0 0.681113 0.397734 0.014502 0.053906
0 0.646177 0.395390 0.010547 0.049219
2 0.158384 0.411797 0.026367 0.030469
2 0.290220 0.391875 0.023730 0.023437
2 0.079942 0.403593 0.130517 0.084375
2 0.366026 0.393047 0.014502 0.021094
2 0.373936 0.397734 0.014502 0.016406
2 0.383824 0.396562 0.010547 0.018750
2 0.402940 0.398906 0.011865 0.018750
2 0.411509 0.396562 0.013184 0.023437
2 0.424693 0.394218 0.015820 0.028125
2 0.439854 0.397734 0.019775 0.030469
2 0.480064 0.400078 0.018457 0.025781
2 0.553892 0.398906 0.029004 0.037500
2 0.569712 0.403593 0.026367 0.046875
2 0.458311 0.402422 0.027686 0.044531
2 0.510386 0.425859 0.071191 0.096094
2 0.590806 0.403593 0.044824 0.046875
2 0.927646 0.408281 0.059326 0.056250
