2 0.379160 0.524531 0.008437 0.016875
2 0.473027 0.513281 0.008437 0.016875
2 0.478301 0.518906 0.008437 0.020625
2 0.484629 0.521719 0.008437 0.022500
2 0.494648 0.522656 0.013711 0.024375
2 0.528926 0.535781 0.014766 0.031875
2 0.546328 0.539531 0.036914 0.031875
2 0.743910 0.576937 0.092812 0.148125
2 0.394453 0.525000 0.012656 0.016875
2 0.346992 0.530625 0.016875 0.028125
2 0.315879 0.529687 0.032695 0.045000
2 0.338027 0.528750 0.013711 0.020625
2 0.466172 0.518125 0.012656 0.022500
2 0.505195 0.527187 0.023203 0.025625
2 0.631251 0.583769 0.151875 0.196875
2 0.039434 0.583613 0.076992 0.093750
2 0.984433 0.716958 0.028477 0.165440
2 0.127090 0.541875 0.051680 0.041250
2 0.370495 0.526678 0.011990 0.019539
2 0.403668 0.520905 0.004996 0.014211
2 0.409663 0.519128 0.006994 0.014211
2 0.422952 0.516020 0.006994 0.015987
2 0.432944 0.514243 0.010991 0.019539
