9 0.470446 0.334783 0.013729 0.064068
9 0.472162 0.414105 0.015445 0.021356
9 0.587141 0.314952 0.015445 0.061017
9 0.593576 0.394274 0.009439 0.030508
2 0.924784 0.491901 0.146727 0.109830
2 0.192008 0.522410 0.076367 0.076271
0 0.146103 0.510206 0.010297 0.030508
2 0.233195 0.512495 0.023167 0.041186
2 0.248211 0.508681 0.010297 0.036610
2 0.259365 0.507156 0.018877 0.033559
2 0.279530 0.500291 0.012871 0.035085
2 0.297549 0.500291 0.016303 0.025932
2 0.309990 0.496478 0.008581 0.015254
2 0.318571 0.494190 0.008581 0.019831
2 0.330584 0.494190 0.008581 0.010678
7 0.381638 0.482749 0.057489 0.097627
