9 0.592700 0.507100 0.004734 0.013602
9 0.542992 0.515602 0.002869 0.013602
9 0.540601 0.515602 0.003826 0.013602
2 0.546578 0.551307 0.010520 0.013602
2 0.533189 0.549607 0.016259 0.023804
2 0.595354 0.546206 0.012433 0.023804
2 0.605874 0.547906 0.016259 0.044207
2 0.623568 0.553007 0.042081 0.068010
2 0.408858 0.571710 0.027735 0.057809
2 0.373471 0.575961 0.060253 0.086713
2 0.308915 0.594663 0.089901 0.096914
2 0.158283 0.610816 0.230491 0.180227
2 0.476283 0.574260 0.112854 0.154723
2 0.660389 0.579361 0.069817 0.086713
2 0.880678 0.711556 0.236229 0.484572
