9 0.260608 0.491934 0.011713 0.019087
9 0.269881 0.440745 0.006832 0.038175
9 0.347477 0.496272 0.007808 0.017352
9 0.404577 0.425128 0.008785 0.031234
9 0.612478 0.399100 0.006832 0.034704
9 0.602229 0.397365 0.009761 0.031234
9 0.396280 0.427731 0.007808 0.029499
0 0.300626 0.532712 0.011713 0.038175
0 0.289402 0.560475 0.012689 0.062468
0 0.274273 0.555270 0.017569 0.072879
0 0.668113 0.545726 0.012689 0.074614
0 0.756446 0.540520 0.015617 0.071144
2 0.229374 0.540520 0.040995 0.039910
2 0.197652 0.534447 0.022449 0.034704
2 0.171298 0.540520 0.041971 0.036440
2 0.679826 0.528374 0.028306 0.043380
2 0.715452 0.524036 0.025378 0.045116
2 0.754494 0.535315 0.052707 0.050321
2 0.867229 0.498007 0.030258 0.017352
2 0.965323 0.537050 0.068324 0.081555
2 0.869181 0.622075 0.252799 0.237725
2 0.090286 0.671529 0.180571 0.541388
9 0.702866 0.478359 0.021094 0.021094
7 0.495225 0.639140 0.338818 0.480468
