9 0.497862 0.090703 0.011865 0.067969
9 0.713413 0.300469 0.018457 0.028125
9 0.700889 0.300469 0.009229 0.028125
9 0.023912 0.036797 0.026367 0.067969
9 0.516978 0.094219 0.015820 0.060937
0 0.110923 0.391875 0.015820 0.079687
0 0.087193 0.389531 0.021094 0.065625
0 0.673862 0.350859 0.010547 0.053906
0 0.069395 0.548906 0.119971 0.417187
2 0.244737 0.361406 0.075146 0.056250
2 0.190025 0.378984 0.058008 0.025781
2 0.266490 0.366093 0.063281 0.056250
2 0.340977 0.348515 0.075146 0.044531
2 0.327134 0.421172 0.092285 0.175781
2 0.584873 0.353203 0.025049 0.039844
2 0.207164 0.518437 0.258398 0.257812
2 0.475449 0.480937 0.249170 0.412500
2 0.903257 0.464531 0.192480 0.131250
