2 0.404967 0.441414 0.018984 0.023092
2 0.376490 0.431645 0.019984 0.010658
2 0.357506 0.446743 0.017985 0.023092
2 0.337522 0.441414 0.019984 0.040855
2 0.221618 0.464507 0.067944 0.083487
2 0.470912 0.443191 0.034971 0.044408
2 0.804638 0.427204 0.040966 0.026645
2 0.856095 0.452961 0.111908 0.092368
2 0.383984 0.452072 0.022981 0.026645
2 0.432944 0.458289 0.056953 0.071053
2 0.271077 0.441414 0.042965 0.072829
2 0.096221 0.467171 0.188845 0.195395
7 0.645269 0.421875 0.321735 0.392566
2 0.920043 0.502697 0.159868 0.181184
2 0.319037 0.448520 0.036970 0.044408
7 0.045329 0.398588 0.041917 0.041592
