9 0.342124 0.247925 0.006864 0.038825
9 0.483766 0.237387 0.008112 0.035497
7 0.488134 0.375493 0.049294 0.109819
7 0.432912 0.362181 0.061149 0.100945
7 0.155868 0.359408 0.310738 0.718817
2 0.332827 0.429626 0.027455 0.043262
2 0.395848 0.389803 0.009984 0.021298
2 0.368705 0.437613 0.045550 0.085415
2 0.528130 0.382149 0.022463 0.025514
2 0.529690 0.401561 0.016847 0.028841
2 0.548722 0.405444 0.041182 0.049918
2 0.760560 0.402670 0.069261 0.059901
2 0.885632 0.421158 0.228374 0.237387
2 0.422540 0.469782 0.111691 0.165283
2 0.675977 0.487346 0.232118 0.248480
