2 0.119847 0.511224 0.239694 0.275510
2 0.450459 0.539388 0.154974 0.165306
2 0.637462 0.558979 0.132245 0.128571
2 0.575472 0.557143 0.072321 0.121224
2 0.544994 0.568163 0.038227 0.095510
2 0.842889 0.502041 0.313048 0.264490
2 0.280033 0.572372 0.067591 0.073316
7 0.367289 0.533265 0.036161 0.102857
9 0.370217 0.409592 0.009643 0.034286
9 0.467851 0.426122 0.006543 0.030612
9 0.361263 0.408061 0.006199 0.020204
9 0.459930 0.424592 0.007232 0.020204
9 0.248820 0.490408 0.013431 0.022041
9 0.318559 0.504184 0.010332 0.020204
