2 0.277354 0.337500 0.065991 0.112217
2 0.388654 0.324642 0.010759 0.018065
5 0.378492 0.310083 0.109507 0.062909
2 0.363668 0.328404 0.040647 0.031455
2 0.405988 0.328829 0.026779 0.034005
7 0.432847 0.296836 0.015780 0.036555
5 0.117841 0.124361 0.235272 0.035705
7 0.449345 0.096064 0.193191 0.057809
2 0.635450 0.111508 0.015795 0.005951
9 0.682472 0.118460 0.017215 0.082462
9 0.278310 0.268640 0.004782 0.016152
9 0.662859 0.197513 0.030126 0.037406
9 0.418979 0.250038 0.004304 0.016071
9 0.435238 0.261130 0.004304 0.011052
9 0.433564 0.261980 0.002869 0.012752
2 0.516372 0.299669 0.010042 0.016152
2 0.469987 0.305195 0.029170 0.023804
2 0.456358 0.301795 0.011477 0.013602
2 0.452294 0.297969 0.010999 0.016152
9 0.414835 0.250362 0.004304 0.016152
9 0.351235 0.268215 0.003347 0.011052
