9 0.504453 0.211406 0.011865 0.046875
9 0.514341 0.207890 0.010547 0.049219
9 0.429966 0.271172 0.013184 0.049219
9 0.654087 0.030703 0.026367 0.061406
9 0.683091 0.022734 0.026367 0.044531
9 0.823496 0.299297 0.011865 0.030469
9 0.522251 0.212578 0.010547 0.049219
9 0.484019 0.212578 0.013184 0.058594
9 0.995542 0.298125 0.007910 0.032812
9 0.972471 0.357890 0.009229 0.021094
2 0.775376 0.423515 0.023730 0.021094
2 0.759556 0.427031 0.026367 0.037500
2 0.735166 0.425859 0.025049 0.035156
2 0.797129 0.441093 0.046143 0.046875
2 0.916440 0.410625 0.015820 0.023437
2 0.888755 0.414140 0.042187 0.030469
2 0.927646 0.417656 0.022412 0.028125
2 0.954673 0.414140 0.015820 0.025781
2 0.974448 0.410625 0.026367 0.032812
2 0.992905 0.415312 0.013184 0.051562
2 0.995542 0.459843 0.007910 0.121875
7 0.479405 0.410625 0.206982 0.281250
2 0.609263 0.471562 0.166113 0.145312
