9 0.664562 0.356349 0.010402 0.021338
9 0.582143 0.325764 0.012003 0.025606
9 0.644957 0.451660 0.011203 0.024183
9 0.481720 0.424631 0.008002 0.012803
9 0.237663 0.385511 0.009602 0.022761
9 0.379288 0.361328 0.014403 0.022761
9 0.570132 0.343546 0.012003 0.021338
9 0.768677 0.321395 0.012803 0.038409
2 0.487633 0.463040 0.017604 0.021338
2 0.471629 0.465885 0.014403 0.024183
2 0.454025 0.465174 0.035208 0.065437
2 0.496435 0.474421 0.019204 0.027028
2 0.514039 0.488646 0.035208 0.046944
2 0.229973 0.475132 0.072017 0.062592
2 0.065535 0.463752 0.130430 0.113804
7 0.855783 0.524312 0.145634 0.250369
2 0.764962 0.517910 0.024806 0.027028
2 0.686967 0.695627 0.400893 0.432455
2 0.962231 0.782403 0.074417 0.264594
0 0.365826 0.486987 0.018404 0.088198
0 0.399834 0.470627 0.011203 0.044099
