9 0.440332 0.407812 0.007910 0.032812
9 0.446924 0.411328 0.007910 0.030469
9 0.317065 0.479297 0.017139 0.021094
9 0.593261 0.446484 0.010547 0.025781
9 0.656543 0.479297 0.005273 0.021094
2 0.601831 0.539062 0.009229 0.023437
2 0.608422 0.553125 0.009229 0.028125
2 0.616333 0.555468 0.009229 0.028125
2 0.624243 0.550781 0.014502 0.042187
2 0.637426 0.567187 0.022412 0.046875
2 0.653906 0.570703 0.021094 0.067969
2 0.665771 0.591796 0.034277 0.096094
7 0.564257 0.516797 0.050098 0.089062
2 0.780468 0.635156 0.176660 0.187500
2 0.910195 0.749531 0.176660 0.346875
2 0.537890 0.570703 0.036914 0.098437
2 0.508227 0.591796 0.075146 0.159375
2 0.419897 0.635156 0.201709 0.283594
2 0.184570 0.488672 0.369140 0.576562
2 0.562939 0.556640 0.044824 0.072656
2 0.713269 0.598147 0.084970 0.144254
