2 0.113530 0.897878 0.127518 0.109528
2 0.259674 0.850755 0.093131 0.101887
2 0.426594 0.845661 0.045849 0.071321
2 0.317702 0.850755 0.040118 0.071321
2 0.479607 0.832925 0.025790 0.045849
2 0.502531 0.835472 0.034387 0.050943
2 0.533336 0.844388 0.053013 0.068774
2 0.564857 0.849482 0.067341 0.089151
2 0.658705 0.886416 0.140413 0.213962
2 0.847832 0.858397 0.298019 0.280189
2 0.389341 0.835472 0.042984 0.050943
9 0.383610 0.774340 0.020059 0.030566
9 0.436623 0.776193 0.014328 0.031955
2 0.443479 0.834699 0.015137 0.051578
9 0.415007 0.808430 0.012614 0.017940
