2 0.873622 0.648765 0.189128 0.191038
2 0.720691 0.596038 0.085967 0.089151
2 0.624694 0.593491 0.137547 0.145189
2 0.425537 0.560378 0.037252 0.043302
2 0.470670 0.559104 0.024357 0.030566
2 0.452043 0.560378 0.018626 0.038208
2 0.237842 0.588397 0.060177 0.124811
2 0.288706 0.583302 0.070206 0.109528
2 0.122503 0.618326 0.245006 0.230519
2 0.491302 0.562925 0.015761 0.015283
2 0.536434 0.564199 0.011462 0.012736
7 0.519241 0.559104 0.024644 0.048396
9 0.302317 0.486510 0.017193 0.030566
9 0.731150 0.503066 0.015761 0.033113
9 0.429405 0.411368 0.010029 0.028019
9 0.586295 0.436840 0.011462 0.022925
9 0.384989 0.448302 0.010029 0.020377
2 0.545318 0.560378 0.011462 0.020377
2 0.503337 0.560378 0.007164 0.020377
