9 0.471160 0.193452 0.011701 0.020801
9 0.371119 0.201772 0.010531 0.020801
2 0.498657 0.235054 0.038612 0.029122
2 0.470575 0.231934 0.022231 0.039522
2 0.398031 0.248575 0.015211 0.018721
2 0.388670 0.270416 0.029252 0.045763
2 0.362344 0.271456 0.030422 0.056163
2 0.165187 0.298498 0.040952 0.056163
2 0.113119 0.309939 0.058504 0.070724
2 0.044274 0.313059 0.088547 0.089445
2 0.209065 0.303698 0.077225 0.091525
2 0.310861 0.312019 0.126368 0.145609
2 0.489882 0.299538 0.077225 0.099846
7 0.436643 0.235054 0.064354 0.124807
0 0.603378 0.244415 0.016381 0.064484
0 0.625610 0.242335 0.025742 0.093606
