9 0.299774 0.480710 0.010135 0.044842
9 0.242600 0.571974 0.011990 0.017763
9 0.445433 0.601283 0.007993 0.015987
9 0.964007 0.335724 0.019984 0.099474
0 0.541854 0.669671 0.022981 0.095921
0 0.443435 0.662566 0.009992 0.035526
0 0.429946 0.658125 0.010991 0.040855
2 0.206130 0.633257 0.042965 0.051513
2 0.409463 0.652796 0.013988 0.023092
2 0.392977 0.653684 0.014988 0.021316
2 0.372493 0.659013 0.023980 0.039079
2 0.461920 0.659901 0.028976 0.033750
2 0.488898 0.665230 0.022981 0.030197
7 0.910051 0.682105 0.179852 0.170526
9 0.310689 0.476104 0.011695 0.045739
2 0.296655 0.645200 0.064711 0.051283
