0 0.171079 0.404654 0.041917 0.143838
0 0.884638 0.519898 0.075060 0.332734
0 0.989430 0.576220 0.017547 0.317137
2 0.443050 0.461842 0.014622 0.039859
2 0.428428 0.457510 0.018521 0.048524
2 0.413806 0.454044 0.012673 0.048524
2 0.401133 0.445379 0.020471 0.062388
2 0.375301 0.435847 0.060438 0.088383
2 0.309501 0.431515 0.112103 0.110911
2 0.476194 0.458376 0.041917 0.053723
2 0.501539 0.471374 0.014622 0.027728
2 0.515186 0.467908 0.008773 0.027728
2 0.525421 0.471374 0.011698 0.031194
2 0.539556 0.467041 0.020471 0.046791
2 0.550766 0.463575 0.031194 0.064121
2 0.578548 0.462709 0.043866 0.083184
2 0.642886 0.463575 0.114053 0.164634
2 0.747678 0.503434 0.214458 0.233954
