9 0.392266 0.345300 0.010531 0.029122
9 0.537062 0.349981 0.008776 0.021841
9 0.572749 0.411344 0.006435 0.015601
2 0.263266 0.476348 0.060259 0.066564
2 0.587375 0.452427 0.021646 0.027042
2 0.562218 0.450867 0.009946 0.017681
2 0.549933 0.457107 0.013456 0.019761
2 0.520973 0.466988 0.052653 0.083205
2 0.333177 0.500790 0.120517 0.134168
2 0.078980 0.517431 0.157374 0.140408
2 0.641198 0.452947 0.012286 0.015601
2 0.634470 0.450867 0.009361 0.013521
2 0.408075 0.455588 0.015796 0.024961
2 0.436157 0.449347 0.040367 0.037442
