9 0.408388 0.394370 0.010763 0.023386
2 0.520202 0.474095 0.009567 0.021260
2 0.439880 0.459921 0.015546 0.025512
2 0.432106 0.467362 0.019134 0.036142
2 0.301558 0.488622 0.025113 0.048898
2 0.272259 0.486496 0.047835 0.061654
2 0.245950 0.497126 0.040659 0.057402
2 0.197916 0.495000 0.060989 0.087165
2 0.529370 0.475866 0.014350 0.040394
2 0.537143 0.477992 0.013155 0.044646
2 0.544916 0.480118 0.019134 0.044646
2 0.555679 0.483307 0.019134 0.051024
7 0.479742 0.450354 0.075340 0.159449
2 0.111814 0.505984 0.118391 0.119055
2 0.369921 0.518386 0.129154 0.176457
7 0.778674 0.357165 0.440079 0.714331
