9 0.554235 0.158089 0.014041 0.066564
9 0.887120 0.220493 0.012871 0.058243
9 0.272249 0.399384 0.016381 0.033282
9 0.252942 0.364022 0.022231 0.037442
9 0.572957 0.157049 0.011701 0.064484
9 0.874250 0.220493 0.012871 0.041602
9 0.901161 0.223613 0.015211 0.047843
9 0.229541 0.360902 0.019891 0.027042
9 0.547215 0.166410 0.009361 0.058243
2 0.280439 0.459708 0.081905 0.045763
2 0.194474 0.529141 0.213483 0.151347
2 0.692596 0.481549 0.038027 0.060324
2 0.744372 0.498190 0.083075 0.101926
2 0.381065 0.470108 0.107646 0.091525
2 0.598113 0.523151 0.193062 0.276657
2 0.041934 0.521071 0.083867 0.201772
2 0.890046 0.513791 0.217633 0.345301
